%YAML:1.0
calibration_time: "Mon Mar 30 16:44:49 2015"
image_width: 1920
image_height: 1080
board_name: april_poster_2in
board_width: 10
board_height: 8
square_size: 5.0799999237060547e+01
# flags: +zero_tangent_dist
flags: 8
camera_model: AngularPolynomial
camera_matrix: !!opencv-matrix
   rows: 3
   cols: 3
   dt: d
   data: [ 1.1432670110657277e+03, 0., 9.6775316827667552e+02, 0.,
       1.1451323129500831e+03, 5.2617391574639146e+02, 0., 0., 1. ]
distortion_coefficients: [ -1.1893624949944059e-01,
    1.0088895020019910e-01, -1.0966664618903152e-01,
    4.3062704367423883e-02 ]
avg_reprojection_error: 1.1814962440790571e+00
