%YAML:1.0
type: apriltags_36h11
width: 10
height: 8
squareSize: 50.8
ids: !!opencv-matrix
   rows: 8
   cols: 10
   dt: i
   data: [ 14,15,16,17,18,19,20,21,22,23,
           38,39,40,41,42,43,44,45,46,47,
           62,63,64,65,66,67,68,69,70,71,
           86,87,88,89,90,91,92,93,94,95,
           110,111,112,113,114,115,116,117,118,119,
           134,135,136,137,138,139,140,141,142,143,
           158,159,160,161,162,163,164,165,166,167,
           182,183,184,185,186,187,188,189,190,191 ]
           
