%YAML:1.0
type: apriltags_36h11
width: 7
height: 5
squareSize: 65
ids: !!opencv-matrix
   rows: 5
   cols: 7
   dt: i
   data: [ 0,1,2,3,4,5,6,
           24,25,26,27,28,29,30,
           48,49,50,51,52,53,54,
           72,73,74,75,76,77,78,
           96,97,98,99,100,101,102 ]
